10 10
0 0 0 0 0 0 0 0 0 0
0 0 0 1 1 1 1 0 0 0
0 1 1 0 0 0 0 1 1 0
0 1 1 0 0 0 0 1 1 0
0 1 1 0 0 0 0 1 1 0
0 1 1 1 1 1 1 1 1 0
0 1 1 0 0 0 0 1 1 0
0 1 1 0 0 0 0 1 1 0
0 1 1 0 0 0 0 1 1 0
0 0 0 0 0 0 0 0 0 0
Letter_A

10 10
0 0 0 0 0 0 0 0 0 0
0 0 0 1 1 1 1 0 0 0
0 0 1 1 0 0 1 1 0 0
0 1 1 0 0 0 0 1 1 0
0 1 1 0 0 0 0 1 1 0
0 1 1 1 1 1 1 1 1 0
0 1 1 0 0 0 0 1 1 0
0 1 1 0 0 0 0 1 1 0
0 1 1 0 0 0 0 1 1 0
0 0 0 0 0 0 0 0 0 0
Letter_A

10 10
0 0 0 0 0 0 0 0 0 0
0 0 0 0 1 1 0 0 0 0
0 0 0 1 0 0 1 0 0 0
0 0 1 0 0 0 0 1 0 0
0 0 1 0 0 0 0 1 0 0
0 0 1 1 1 1 1 1 0 0
0 0 1 0 0 0 0 1 0 0
0 0 1 0 0 0 0 1 0 0
0 0 1 0 0 0 0 1 0 0
0 0 0 0 0 0 0 0 0 0
Letter_A

10 10
0 0 0 0 0 0 0 0 0 0
0 0 1 1 1 1 0 0 0 0
0 0 1 0 0 0 1 0 0 0
0 0 1 0 0 1 0 0 0 0
0 0 1 1 1 0 0 0 0 0
0 0 1 0 0 1 0 0 0 0
0 0 1 0 0 0 1 0 0 0
0 0 1 0 0 0 1 0 0 0
0 0 1 1 1 1 0 0 0 0
0 0 0 0 0 0 0 0 0 0
Letter_B

10 10
0 0 0 0 0 0 0 0 0 0
0 0 1 1 1 1 0 0 0 0
0 0 1 0 0 1 0 0 0 0
0 0 1 0 1 0 0 0 0 0
0 0 1 1 0 0 0 0 0 0
0 0 1 0 1 0 0 0 0 0
0 0 1 0 0 1 0 0 0 0
0 0 1 0 0 0 1 0 0 0
0 0 1 1 1 1 0 0 0 0
0 0 0 0 0 0 0 0 0 0
Letter_B

10 10
0 0 0 0 0 0 0 0 0 0
0 0 1 1 1 1 1 0 0 0
0 0 1 0 0 0 1 0 0 0
0 0 1 0 0 1 0 0 0 0
0 0 1 1 1 0 0 0 0 0
0 0 1 0 0 1 1 0 0 0
0 0 1 0 0 0 0 1 0 0
0 0 1 0 0 0 0 1 0 0
0 0 1 1 1 1 1 0 0 0
0 0 0 0 0 0 0 0 0 0
Letter_B

10 10
0 0 0 0 0 0 0 0 0 0
0 0 0 1 1 1 1 0 0 0
0 0 1 0 0 0 0 1 0 0
0 0 1 0 0 0 0 0 0 0
0 0 1 0 0 0 0 0 0 0
0 0 1 0 0 0 0 0 0 0
0 0 1 0 0 0 0 0 0 0
0 0 1 0 0 0 0 1 0 0
0 0 0 1 1 1 1 0 0 0
0 0 0 0 0 0 0 0 0 0
Letter_C

10 10
0 0 0 0 0 0 0 0 0 0
0 0 0 0 1 1 1 0 0 0
0 0 0 1 0 0 0 1 0 0
0 0 1 0 0 0 0 0 0 0
0 0 1 0 0 0 0 0 0 0
0 0 1 0 0 0 0 0 0 0
0 0 1 0 0 0 0 0 0 0
0 0 0 1 0 0 0 1 0 0
0 0 0 0 1 1 1 0 0 0
0 0 0 0 0 0 0 0 0 0
Letter_C

10 10
0 0 0 0 0 0 0 0 0 0
0 0 0 1 1 1 1 0 0 0
0 0 1 1 1 1 1 1 0 0
0 0 1 1 0 0 0 1 0 0
0 0 1 1 0 0 0 0 0 0
0 0 1 1 0 0 0 0 0 0
0 0 1 1 0 0 0 1 0 0
0 0 1 1 1 1 1 1 0 0
0 0 0 1 1 1 1 0 0 0
0 0 0 0 0 0 0 0 0 0
Letter_C

10 10
0 0 0 0 0 0 0 0 0 0
0 0 1 1 1 1 0 0 0 0
0 0 1 0 0 0 1 0 0 0
0 0 1 0 0 0 0 1 0 0
0 0 1 0 0 0 0 1 0 0
0 0 1 0 0 0 0 1 0 0
0 0 1 0 0 0 0 1 0 0
0 0 1 0 0 0 1 0 0 0
0 0 1 1 1 1 0 0 0 0
0 0 0 0 0 0 0 0 0 0
Letter_D

10 10
0 0 0 0 0 0 0 0 0 0
0 0 1 1 1 1 1 0 0 0
0 0 1 1 0 1 1 1 0 0
0 0 1 1 0 0 1 1 0 0
0 0 1 1 0 0 0 1 0 0
0 0 1 1 0 0 0 1 0 0
0 0 1 1 0 0 1 1 0 0
0 0 1 1 0 1 1 1 0 0
0 0 1 1 1 1 1 0 0 0
0 0 0 0 0 0 0 0 0 0
Letter_D

10 10
0 0 0 0 0 0 0 0 0 0
0 0 1 1 1 1 1 0 0 0
0 0 1 1 0 0 0 1 0 0
0 0 1 1 0 0 0 1 0 0
0 0 1 1 0 0 0 1 0 0
0 0 1 1 0 0 0 1 0 0
0 0 1 1 0 0 0 1 0 0
0 0 1 1 0 0 0 1 0 0
0 0 1 1 1 1 1 0 0 0
0 0 0 0 0 0 0 0 0 0
Letter_D




